Summary of Examination data for each Jurisdiction with more than 30 candidates
Jurisdiction a — “—e ee Rate “econ nea,
Alabama 554 1,413 1,017 396 60.7% eas 26.7
Alaska 2.191 5.130 3,096 2,034 55.7% 73.4 30.9
Arizona 925 2,094 1,169 925 55.9% 72.5 296
Arkansas 386 925 513 412 53.5% 72.2 29
California 10,215 22,463 13,103 9,360 54.4% 72.5 295
Colorado 1,198 2,706 1,693 1,013 60.8% 75.2 29 1
Connecticut 903 1,912 1,131 781 53.5% 72.4 273
Delaware 260 528 283 245 51.7% 71.5 31.5
District of Columbia 152 323 200 123 53.9% 72.5 30.9
Florida 2,782 6,130 3,615 2,515 57.7% 74.1 29 9
Georgia 2,138 4,799 2,840 1,959 56.6% 73.1 29.0
Guam 1,624 3,698 2,186 1,512 51.2% 71.6 30.8
Hawaii 237 527 295 232 47.1% 69.6 29.5
Idaho 239 521 332 189 57.4% 73.9 296
Illinois 3,594 8,767 5,587 3,180 60.7% 75.1 26.9
indiana 870 2,101 1,259 842 56.4% 73.3 28.0
lowa 566 1,446 1,009 437 65.6% 76.7 26.1
Kansas 253 550 371 179 63.5% 75.9 28.0
Kentucky 666 1,489 906 583 55.9% 73.0 28.1
Louisiana 634 1,395 777 618 51.8% faut 29.5
Maine 725 1,761 1,026 735 52.4% 71.1 32.1
Maryland 1,095 2,350 1,246 1,104 50.5% 71.6 29.7
Massachusetts 2,077 4622 2,844 1,778 61.3% 75.0 26.6
Michigan 1,590 3,533 2,244 1,289 58.7% 74.2 27.4
Minnesota 1,178 2,859 1,799 1,060 59.7% 75.0 26.4
Mississipp! 367 830 499 331 49.5% 70.7 27.2
Missouri 788 1,962 1,242 720 61.1% 74.8 26.9
Montana 846 2,189 1,459 730 58.9% 74.1 28.9
15
